100 100
318 159
225 225
259 194
300 168
187 270
300 168
345 146
360 140
264 191
300 168
100 100
367 137
225 225
318 159
268 188
174 290
225 225
278 181
193 261
225 225
224 225
189 267
194 259
100 100
345 146
259 194
259 194
222 227
389 129
275 183
196 257
225 225
207 243
262 193
100 100
259 194
259 194
303 166
284 177
322 156
184 274
225 225
318 159
300 168
259 194
341 148
300 168
276 183
299 168
226 223
253 199
251 200
300 168
300 168
264 191
389 129
260 186
299 168
388 130
259 194
100 100
305 165
209 242
299 168
318 159
156 322
389 129
225 225
300 168
275 184
100 100
275 183
168 300
287 176
345 146
225 225
259 194
259 194
210 240
188 268
284 177
100 100
225 224
359 140
207 243
144 225
300 168
300 168
214 236
225 225
189 267
259 194
252 200
100 100
225 225
247 204
225 225
271 186
225 225
367 137
207 243
300 168
225 225
183 275
300 168
194 259
217 233
300 168
300 168
251 201
174 194
225 225
171 294
187 270
190 266
300 168
189 267
368 137
259 195
310 163
341 148
183 275
300 168
184 273
300 168
225 225
225 225
299 168
289 174
242 208
389 129
225 225
268 188
299 169
349 144
298 169
184 274
305 165
300 168
150 205
300 168
300 168
345 146
300 168
225 225
305 165
300 168
259 194
300 168
215 210
331 152
205 246
194 259
239 211
259 194
300 168
225 225
259 194
238 212
345 146
300 168
344 146
299 168
211 239
259 194
225 225
201 251
187 270
318 159
360 140
188 268
238 211
194 259
188 269
194 259
194 259
300 168
208 242
321 157
259 194
239 211
208 243
300 168
189 267
225 225
182 268
264 191
279 181
252 194
259 194
225 225
189 267
299 169
279 180
299 168
300 168
184 273
275 183
311 162
180 281
225 225
259 194
225 225
220 220
275 183
205 246
318 159
225 225
284 177
300 168
300 168
300 168
300 168
225 225
170 255
290 174
207 243
223 226
274 184
206 245
311 162
182 243
259 194
318 159
306 165
263 192
201 251
318 159
177 284
389 129
360 140
207 243
204 247
216 233
274 184
300 128
257 196
234 215
259 194
300 168
273 185
206 245
169 298
225 225
100 100
225 225
259 194
300 168
275 183
195 258
296 170
255 198
318 159
225 225
225 225
225 225
300 168
300 168
262 192
309 163
300 168
303 166
220 220
300 168
300 168
264 191
225 225
300 168
300 168
224 225
225 225
300 168
275 183
300 168
184 273
183 275
344 146
293 172
207 243
349 144
202 249
346 145
300 168
345 146
189 267
300 168
217 232
225 225
225 225
280 180
224 225
300 168
300 168
275 183
276 182
207 243
100 100
310 163
245 206
284 177
224 225
280 158
225 225
225 225
205 246
300 168
188 267
322 156
300 168
207 243
275 183
225 225
300 168
296 171
300 168
342 147
188 268
300 168
183 275
220 216
300 168
310 163
174 289
346 146
259 194
300 168
278 181
296 170
271 186
299 168
293 172
299 169
214 235
284 177
300 168
300 168
277 182
204 247
300 168
225 225
168 282
219 230
225 225
100 100
290 174
299 168
246 205
299 168
299 168
290 174
300 168
184 273
185 273
184 273
300 168
100 100
284 177
292 173
227 222
275 183
300 168
200 150
304 166
268 188
227 222
300 168
276 183
100 100
181 279
275 183
299 168
225 225
310 163
305 165
300 168
184 273
336 150
225 225
239 211
288 175
300 168
310 163
211 238
233 216
224 224
251 201
266 189
280 180
163 310
235 214
242 208
297 170
259 194
300 168
266 190
207 243
300 168
290 174
225 225
285 177
349 144
326 155
225 225
100 100
225 225
221 228
299 168
259 194
221 228
345 146
250 202
300 168
302 167
318 159
369 136
215 235
225 225
275 183
300 168
197 256
284 177
210 240
305 165
250 202
301 167
352 143
300 168
225 225
389 129
309 163
259 194
298 169
300 168
311 162
100 100
225 225
299 168
300 168
231 218
300 168
258 195
259 194
225 225
100 100
292 172
194 259
168 300
179 281
176 287
210 240
300 168
225 225
204 247
275 183
100 100
